99022
99022
424428
546665
138028
479624
4026
1155244
2267688
49789
175398
49791
49791
49791
91092
111144
35946
111146
111147
111148
111149
35967
91093
111150
91065
35950
111151
111152
35952
91066
111158
35954
35955
111159
35956
91067
91068
111161
111161
176616
287013
2749397
2338944
2749398
190203
283711
190205
91072
2749400
215926
2026104
65557
557622
557623
213817
446324
1366914
457775
1053327
1454545
1454548
99026
655818
663965
256470
300987
122529
1571141
1571149
40922
158220
54826
1053328
571350
13343
1519672
159700
159702
113638
159703
314055
2339049
2339044
113641
159705
113642
692168
475885
669137
72350
401939
52823
73982
73984
73985
41614
90162
90176
20414
2014703
2014724
2014725
1532288
370350
109150
1523573
143173
310496
310496
3553
880692
671520
866931
106982
106982
43190
50458
240042
1684052
315439
137433
137434
137435
137436
343494
462390
462391
462392
99498
379493
53836
82701
13363
240033
1520936
905076
463186
645195
198842
199751
199751
199751
199752
306480
306477
306475
240996
1565984
1565985
73737
119595
141467
136204
361379
239403
133313
255854
223586
239432
81985
481184
50463
121172
538480
143182
538498
538503
264975
240111
1053334
379215
127603
21020
3522
168335
260595
41511
41531
347522
41536
82704
172074
172076
172076
183940
3580
424975
424975
424975
1720530
179395
64989
41545
64990
64991
1505746
64993
64999
1505753
1284455
1284455
1284455
65001
41546
1505755
880703
434242
880709
1856634
1072232
43203
43203
43203
200948
114281
566272
335184
335184
335167
335165
335165
335165
335166
179396
99042
4123
267573
267575
1053337
267582
267593
267601
267606
1051386
347984
34325
176977
51277
196284
196288
196289
196290
71392
196291
196292
196293
71345
196294
196295
682152
23000
1053338
509649
13465
1465651
458331
192822
48034
993093
866986
766221
41561
363801
45982
224034
169103
79164
79168
386067
40858
137441
137442
358666
376438
376439
376440
196655
157634
1053343
230966
379227
1115802
56525
1534738
1053344
379231
344331
2570618
1072223
362696
113424
113426
362697
113427
113428
113429
113432
113432
113432
173991
113433
113434
113435
113436
113439
113444
113446
34252
113450
113450
113450
113450
362695
113451
113451
113451
113453
113455
113456
113456
113456
53719
137677
210355
426284
669682
644182
1520335
91242
1211466
337357
337358
337363
337365
337386
337389
337391
337392
337408
308292
1078597
155758
1543392
34316
34316
34316
34316
183817
166933
1711279
452571
468242
1711558
154986
154987
457238
154989
212863
1091617
1046441
756618
1046465
1091628
154990
212910
1087767
212301
212834
1046469
154991
154991
154991
212925
216479
216481
756629
1046496
212836
1087778
154996
1046511
1091647
756637
1087783
1087788
90528
371362
3494
702219
702253
702226
125729
702255
702242
1399689
63091
253480
92911
176602
29791
35898
29794
715722
29795
702245
125697
175399
326028
1053411
1519692
379955
261604
344769
169249
2078960
85157
2078969
1053352
127982
127983
264171
157629
376799
199604
85351
2650554
2664378
2020739
2650557
2020741
2650558
2020755
2020760
2020761
632758
2650559
1533104
2020786
2020787
2020788
261775
630306
630323
261793
261796
28508
168345
168358
174463
99497
254039
2021616
390711
43078
122537
1321327
336625
999576
626746
1137008
58654
1124159
702251
702251
702251
157639
253055
127142
4121
285843
285844
82718
2038563
23013
80915
1851685
1851688
189219
463661
2052489
43197
126435
702252
313078
313079
3858
3859
313112
3861
3862
43199
1423390
1423391
1423391
43200
1441374
446333
446333
239455
368679
41258
153333
1108809
398450
33125
13423
458695
63095
2500007
2500013
2500014
2500016
2099747
2099747
2099747
63097
2500050
2099764
1770166
2500083
2500085
2500088
2500090
2500095
2500096
70371
70371
63099
2500111
2500115
2099785
1138073
299779
1138105
299783
610153
586398
16430
358669
325499
245821
486681
181259
645163
1560703
181264
181264
181264
243133
243134
243145
181272
1560705
243139
243146
243141
181278
181280
347994
243147
1560709
1560709
1560709
243143
243144
3873
112873
343886
175031
22511
1053366
3496
240081
475912
369011
313683
145753
96480
108453
108453
108453
137452
41230
691209
691209
691209
691209
3724
3724
369020
1497571
70936
66807
70950
70950
70950
70952
47085
66815
70957
70962
47084
78530
75628
75628
70980
377274
47082
1632799
861159
388733
107607
359585
1203399
1203400
1458979
412917
306392
306392
306392
1458980
1458980
1458980
412918
412919
306396
412920
1945651
306397
1203402
1479369
3538
102603
102599
2500758
410651
91110
91111
28518
2338870
166984
262751
262752
85232
577428
1053371
208873
108542
475917
43706
32215
35889
62141
92913
369028
482428
1053378
690543
238298
203770
265230
797995
797999
798000
798003
798004
798009
361878
798035
798049
798053
592002
549777
867493
867494
1053380
1041249
867497
867506
100160
100365
223102
79235
36748
1053381
23413
519149
53809
245262
880706
73980
56521
73981
73981
73981
374721
46056
647281
33127
2590075
1519684
1519685
369032
664039
1519686
664040
157622
157597
325510
159435
3557
35923
73200
158598
253082
4032
98709
109570
109571
109572
109573
109575
109576
109577
109578
109579
109580
413294
452457
1417315
943708
594677
943718
362386
223111
223111
223116
223117
46066
2707130
96521
96521
489088
222877
293057
58392
2583284
29725
126561
92917
23131
197790
197792
197793
197793
197793
2675891
197797
197798
101996
197804
185001
2675950
2675901
197833
199602
58388
264977
1548634
1081584
431021
1081587
448372
448373
1081591
431016
701381
512629
1150893
42107
325512
59176
73987
73987
73987
119190
501391
586403
381726
43206
43208
630722
415813
415823
122547
280017
280018
280021
1566429
362629
325500
52499
267241
60072
60072
60072
60072
1519687
1519688
137698
242529
291097
50298
452790
37565
452792
452793
452794
1053390
749926
454526
1520014
49210
268906
933138
268912
59985
267552
52501
43851
169191
56537
73988
416544
2558452
114287
114287
114287
268090
997354
118933
379617
185778
1053393
1357599
1357619
1053394
1239900
203023
85264
85264
189229
1129149
1129153
121548
1129159
1129164
346959
1574110
115629
29803
108357
108354
403012
403013
155235
403017
193331
403019
155243
403020
403022
403023
403024
403025
403026
403027
155257
403032
2315491
1937748
1309612
39873
54822
3575
411986
1309621
54823
688655
39900
1309624
1937728
1309629
261531
203573
3730
203582
203583
310467
45831
109975
744058
795972
744061
374017
205561
329785
238982
115670
115670
115670
2502084
1053382
368678
301875
50191
50219
329349
50195
50196
50196
50196
50221
50197
50199
50201
1519691
159710
50203
329331
50208
50209
50211
332207
50224
332208
255578
50214
329333
49843
49845
1423401
1534661
1053398
1980607
2021628
3562
194207
1137916
224171
224188
224191
127617
50217
691054
169607
189784
1671403
189790
69904
175408
49849
175413
175414
1094617
512638
512638
512638
1884296
1209860
1209860
1209860
1209891
35919
85287
13288
684020
99536
99536
99536
682168
122552
682169
682170
682171
682172
268106
2022655
682177
79186
79187
40891
97009
361894
97015
74509
74510
97021
361917
74514
60915
97025
361941
361948
97036
97041
361986
361987
97042
97043
361990
390135
70959
119388
4020
82386
1696188
2710889
91167
268113
1053403
1435590
1435595
473050
60085
368322
183956
300936
368323
245824
368325
368326
1053404
1053405
945253
1276813
471143
154498
1276821
3910
1276838
1218908
1276846
154499
73990
214042
214046
214049
1007890
1873018
1873020
1284450
611795
367782
1053410
152196
