2777
2786
3046
3116
3117
3130
3171
3207
3213
3234
3346
3444
3494
3496
3522
3538
3544
3553
3557
3562
3567
3575
3580
3702
3724
3728
3730
3827
3854
3856
3858
3859
3860
3861
3862
3868
3873
3910
3986
3999
4020
4026
4032
4047
4075
4087
4090
4093
4097
4121
4123
4230
4428
4470
4472
4477
4498
4500
4521
4547
4558
4560
4628
4647
13230
13288
13343
13363
13423
13443
13465
13469
13597
13717
13779
13821
15368
16430
18795
20340
20414
21020
22511
22663
23000
23013
23131
23413
28508
28516
28518
28860
28967
29227
29239
29583
29652
29660
29665
29667
29674
29679
29682
29694
29708
29725
29791
29794
29795
29803
31367
31369
31381
31383
31385
31393
31398
31411
31423
31429
31449
31452
31455
31467
31481
31502
32153
32168
32211
32215
32224
32602
33107
33118
33125
33127
33670
34121
34123
34126
34128
34129
34130
34131
34132
34134
34136
34140
34142
34154
34161
34165
34173
34175
34182
34205
34252
34316
34325
35151
35155
35166
35168
35174
35708
35845
35849
35861
35872
35889
35898
35919
35923
35930
35936
35938
35946
35950
35952
35954
35955
35956
35967
36610
36748
36899
37308
37310
37395
37410
37415
37494
37565
37720
38394
38545
38546
38588
38592
38783
39026
39338
39367
39387
39414
39510
39511
39513
39848
39873
39900
40406
40858
40891
40916
40922
40962
41230
41258
41496
41511
41531
41536
41545
41546
41561
41614
41834
41836
41839
41848
41852
41854
41880
41999
42002
42079
42107
42333
42345
43078
43190
43197
43199
43200
43203
43206
43208
43706
43851
45172
45318
45831
45982
46032
46056
46066
46091
46150
47082
47084
47085
48026
48034
48220
48604
48735
48944
49210
49510
49789
49791
49843
49845
49847
49849
49875
49992
50191
50194
50195
50196
50197
50199
50201
50203
50207
50208
50209
50211
50214
50217
50219
50221
50223
50224
50246
50295
50298
50452
50458
50463
50508
50518
51024
51268
51277
51430
51432
51475
52137
52140
52150
52154
52158
52159
52499
52501
52823
52976
52978
52983
52995
52999
53005
53031
53200
53267
53719
53809
53836
53854
54811
54822
54823
54826
54874
54894
55326
55448
55459
55598
55634
55769
55777
55843
56196
56521
56525
56537
56853
56855
56917
56931
57008
57694
58286
58331
58388
58392
58647
58654
58838
58886
59015
59054
59067
59116
59176
59322
59328
59788
59908
59985
60072
60085
60915
61099
61544
61562
61563
62141
63091
63095
63097
63099
63409
63410
63659
63778
63791
64989
64990
64991
64993
64999
65001
65052
65057
65527
65537
65557
65771
65948
65973
66012
66018
66039
66205
66385
66807
66815
66991
66992
66993
66997
67232
67240
67247
67415
69338
69533
69721
69904
69996
70145
70212
70371
70838
70936
70950
70952
70957
70959
70962
70980
71333
71345
71354
71392
71459
71633
71659
72350
72401
73017
73200
73737
73980
73981
73982
73984
73985
73987
73988
73990
74509
74510
74514
74635
74902
74906
75626
75628
75689
75963
76029
76352
76417
76430
76432
78530
79164
79168
79186
79187
79235
79408
79849
80885
80886
80891
80913
80915
81092
81473
81590
81594
81747
81770
81964
81985
82006
82031
82069
82070
82386
82388
82701
82704
82718
82928
83154
83798
83802
83955
84005
84209
84609
85157
85232
85264
85287
85337
85351
89674
89675
89677
89678
89679
89944
90162
90176
90277
90299
90302
90309
90396
90528
91065
91066
91067
91068
91072
91092
91093
91110
91111
91167
91242
91275
92911
92913
92917
92921
94292
94293
94295
94299
94554
94556
94688
96465
96480
96521
96524
96532
96799
97009
97015
97021
97025
97036
97041
97042
97043
97723
98324
98457
98464
98470
98471
98490
98709
98942
99022
99026
99035
99042
99056
99108
99340
99363
99384
99387
99400
99494
99497
99498
99536
99899
99904
100160
100364
100365
100465
100532
100802
100810
101920
101924
101996
101998
102599
102603
103981
104301
105340
105604
105608
105748
106129
106635
106883
106888
106982
107607
108286
108354
108357
108377
108380
108453
108536
108542
109149
109150
109570
109571
109572
109573
109575
109576
109577
109578
109579
109580
109975
110876
111144
111146
111147
111148
111149
111150
111151
111152
111155
111158
111159
111161
111162
111435
111436
111617
111665
112571
112873
113250
113273
113424
113426
113427
113428
113429
113432
113433
113434
113435
113436
113439
113442
113444
113446
113450
113451
113453
113455
113456
113638
113641
113642
114195
114281
114287
115594
115595
115629
115670
117272
118222
118372
118375
118377
118509
118933
119190
119388
119595
120290
121067
121084
121086
121088
121172
121548
122529
122537
122547
122552
122629
122630
122634
122636
122638
122640
122641
122643
122646
122744
124760
124761
124763
125697
125729
126432
126435
126561
126617
126820
126903
126910
127142
127170
127603
127617
127982
127983
127999
128190
128597
128660
129201
129213
129279
129285
129936
129944
130455
130459
130460
131094
132261
133313
135222
136127
136204
137433
137434
137435
137436
137441
137442
137452
137665
137667
137677
137698
137763
137764
137767
138028
138560
139833
139850
139907
139984
140003
140035
140400
140627
140628
140636
140639
140806
140839
141467
142497
142762
143173
143182
145751
145752
145753
145934
145957
146095
146531
146532
146565
146580
146695
147934
147935
147936
147937
148469
148948
152196
152713
153333
153904
153906
154497
154498
154499
154765
154986
154987
154989
154990
154991
154996
155235
155243
155252
155257
155268
155540
155542
155758
157597
157622
157628
157629
157634
157639
158096
158137
158141
158149
158163
158174
158175
158220
158384
158598
158647
158729
159435
159700
159702
159703
159705
159710
159753
160575
161101
161111
162062
162063
162065
163331
165640
165646
166933
166984
167333
167335
167342
167732
167976
168335
168345
168358
169103
169191
169217
169241
169249
169607
170419
170433
170435
170456
170715
170931
172074
172076
172203
172204
172606
172818
172945
172960
172976
173444
173450
173462
173468
173545
173553
173833
173841
173843
173844
173850
173991
174463
175031
175169
175398
175399
175406
175408
175413
175414
175505
175517
176265
176602
176616
176977
179042
179058
179395
179396
180975
181259
181264
181272
181278
181280
181291
182070
183030
183277
183561
183817
183940
183956
184140
184618
184655
184666
184674
184675
184931
185001
185002
185191
185238
185665
185774
185778
185957
186693
186706
187371
187835
187836
187837
187839
187841
187995
188166
188559
189219
189229
189428
189652
189784
189790
190203
190205
190271
190272
190330
190860
191652
191669
191891
191904
192822
193165
193177
193178
193180
193182
193184
193186
193190
193331
193557
193558
194207
195136
195961
196284
196285
196288
196289
196290
196291
196292
196293
196294
196295
196371
196589
196632
196655
196688
196703
196911
197325
197326
197329
197790
197792
197793
197797
197798
197804
197833
197837
198842
199145
199602
199604
199751
199752
200259
200276
200278
200279
200281
200282
200524
200688
200690
200692
200698
200700
200701
200704
200705
200709
200711
200712
200714
200719
200727
200732
200735
200736
200745
200754
200760
200761
200762
200763
200764
200765
200766
200769
200780
200810
200811
200814
200948
200951
200967
200995
201488
201550
201562
201953
202272
203023
203573
203582
203583
203678
203770
204232
204408
204420
204426
204638
205397
205558
205561
205564
206051
207872
207916
207918
208218
208270
208423
208873
209631
209634
210355
210852
211935
211940
211948
211952
211956
212301
212834
212836
212863
212910
212925
213555
213817
213833
213991
214042
214046
214049
214052
215256
215269
215672
215926
216088
216473
216479
216481
218620
219609
219692
219728
220730
220741
220759
220761
220947
221050
221659
221831
221838
221846
221848
222010
222563
222877
222885
223102
223111
223116
223117
223586
223671
223688
223690
223700
224034
224140
224171
224188
224191
225112
226051
226471
226473
226483
226484
226498
227248
227973
228187
228264
230966
231751
237897
238298
238982
239165
239169
239181
239403
239432
239455
239546
240033
240042
240081
240111
240684
240996
241068
241205
241641
242160
242170
242529
242534
242726
242855
243133
243134
243139
243141
243143
243144
243145
243146
243147
243983
243997
244001
244874
245262
245335
245447
245821
245824
248326
248330
248332
248351
249207
252529
252537
253055
253082
253480
253512
253516
253517
254039
254106
255331
255578
255854
256470
257596
257600
257603
259032
259039
260095
260499
260595
260612
260769
260773
260776
260777
260778
260783
260792
261531
261604
261718
261719
261720
261725
261772
261775
261793
261796
262505
262509
262511
262751
262752
262952
263541
264171
264476
264477
264526
264775
264776
264975
264977
265230
267241
267504
267552
267570
267573
267575
267582
267593
267601
267606
267656
268033
268036
268090
268106
268113
268570
268572
268729
268886
268906
268912
269538
269577
271520
271739
271762
272863
279362
279761
280017
280018
280021
280838
281066
281131
281623
283380
283382
283390
283711
285843
285844
286858
286890
286898
286945
286955
286962
287001
287013
290923
291097
291393
292239
293057
296905
296906
296910
296912
296916
296921
296922
296923
296924
296926
296930
296931
298661
299779
299783
300936
300987
301327
301338
301481
301531
301532
301533
301875
305683
306385
306392
306396
306397
306475
306477
306480
308175
308223
308292
308373
308385
309312
310458
310467
310496
312102
313078
313079
313112
313683
313909
314055
315439
316510
316948
317192
319832
323989
324211
324227
324432
324461
324466
324493
325499
325500
325510
325512
326028
328422
329331
329333
329349
329785
330163
330554
332207
332208
335165
335166
335167
335184
336625
337357
337358
337363
337365
337386
337389
337391
337392
337408
338533
339588
339590
339592
339598
342068
342851
343494
343886
344331
344769
345127
345912
345913
345914
346951
346959
347522
347648
347872
347984
347994
348029
348041
349375
352208
352820
354045
357464
358665
358666
358669
359585
360306
360583
361379
361541
361561
361562
361564
361878
361894
361917
361941
361948
361986
361987
361990
362236
362386
362629
362695
362696
362697
362792
362798
363801
364744
365730
366447
366449
366476
366485
366488
366491
367044
367059
367305
367782
368322
368323
368325
368326
368678
368679
369011
369020
369028
369032
370350
371099
371362
371726
372278
373805
374017
374027
374218
374219
374220
374224
374721
376433
376438
376439
376440
376798
376799
377274
378980
379215
379227
379231
379493
379617
379955
381016
381726
382123
386067
387623
388479
388693
388705
388726
388727
388733
388895
388898
388899
388900
388901
388903
389204
389507
389627
390135
390711
391790
391933
397005
397083
397496
398450
399105
399134
399156
399647
401939
402117
402640
403012
403013
403017
403019
403020
403022
403023
403024
403025
403026
403027
403032
406719
410651
411986
412917
412918
412919
412920
413294
414120
414121
414126
414128
414133
414146
414148
414152
414188
414190
414635
415428
415813
415823
416231
416544
417198
417609
420411
424428
424507
424975
426284
428226
430749
430751
431016
431021
431304
432605
433866
434242
437227
437228
437229
442491
445138
445139
446140
446145
446150
446324
446333
446913
448372
448373
449510
449893
451517
452457
452571
452790
452792
452793
452794
454526
457237
457238
457712
457775
458331
458695
460640
460662
462390
462391
462392
463186
463577
463579
463661
468242
468936
468976
468977
470590
470952
471143
473050
475885
475912
475917
478074
478075
479265
479266
479624
480556
480558
480560
481184
481983
482428
482436
483358
486681
487402
487417
489088
489987
490730
492098
497292
500268
501391
508027
509649
512623
512629
512638
515226
515839
515840
517549
519111
519112
519149
520847
522323
522324
523331
524167
524168
526836
529242
529244
529428
529430
529431
530660
536591
536601
537829
537836
537847
538480
538498
538503
539200
546665
549689
549777
553313
557622
557623
560831
566272
568243
571350
573575
575870
576367
576371
576376
576378
576385
577428
581251
585813
586398
586403
590736
592002
594677
610153
611795
619706
620814
623693
626746
627158
630306
630323
630722
632758
642282
642300
642305
642331
644182
644807
645163
645195
647281
647613
650517
650522
650620
655818
663965
664039
664040
665323
665477
666013
669137
669682
671520
671526
679636
680291
680293
681550
681646
682152
682168
682169
682170
682171
682172
682177
684020
688655
689811
690543
691054
691209
692168
693368
693373
697101
697103
697106
697107
697108
697110
697293
700169
701381
702219
702226
702242
702245
702251
702252
702253
702255
704092
713099
715722
717527
717905
723550
744058
744061
746016
746693
749926
751715
753680
754784
756618
756629
756637
766221
768164
795972
796371
796753
796842
797995
797999
798000
798003
798004
798009
798035
798049
798053
860203
860204
860402
860405
860407
860626
861159
862937
866931
866986
867493
867494
867497
867506
880692
880703
880706
880709
885029
905076
908973
908974
912070
930110
930112
932731
933138
934962
935651
935653
935655
940128
943115
943117
943708
943718
945028
945030
945253
979540
981515
981523
983335
993032
993093
996343
996347
997354
997506
997571
997572
997576
997588
997604
997782
997926
998119
998195
999576
1000564
1007786
1007890
1037392
1041249
1046441
1046465
1046469
1046496
1046511
1050986
1051386
1052905
1053326
1053327
1053328
1053329
1053334
1053335
1053337
1053338
1053343
1053344
1053345
1053349
1053352
1053366
1053371
1053378
1053380
1053381
1053382
1053383
1053386
1053390
1053393
1053394
1053398
1053403
1053404
1053405
1053407
1053409
1053410
1053411
1072223
1072232
1074205
1076274
1078597
1081584
1081587
1081591
1087767
1087778
1087783
1087788
1089803
1089842
1091216
1091617
1091628
1091647
1094617
1094761
1094763
1094764
1094766
1095357
1095359
1108809
1115802
1124159
1129149
1129153
1129159
1129164
1137008
1137872
1137916
1138073
1138105
1141737
1143130
1144389
1144401
1144404
1150893
1155244
1155334
1158074
1172132
1172369
1183225
1183236
1185355
1185731
1186986
1187000
1191457
1203399
1203400
1203402
1205813
1209860
1209891
1211466
1214463
1218908
1225627
1230435
1230437
1231189
1234173
1239900
1241584
1259769
1261571
1261574
1261578
1263688
1265916
1276813
1276821
1276838
1276846
1277930
1277934
1277942
1284450
1284455
1285446
1286800
1286803
1286804
1286806
1288821
1293628
1293629
1293635
1293638
1302473
1302520
1304946
1304947
1304948
1308468
1309612
1309621
1309624
1309629
1321327
1325466
1328778
1329793
1331045
1331081
1357599
1357619
1366914
1382028
1399689
1405190
1405202
1413251
1413812
1417315
1423376
1423390
1423391
1423401
1424645
1424648
1431998
1435590
1435595
1441374
1454545
1454548
1458979
1458980
1464620
1464625
1465651
1470054
1471898
1479093
1479369
1484039
1485294
1497571
1497607
1497743
1502231
1503747
1505746
1505753
1505755
1508585
1519672
1519674
1519680
1519681
1519684
1519685
1519686
1519687
1519688
1519691
1519692
1520014
1520335
1520936
1523573
1527721
1529954
1532288
1533087
1533104
1534661
1534738
1537489
1537493
1539137
1541731
1543392
1548634
1550583
1550622
1550623
1550624
1560703
1560704
1560705
1560709
1561016
1562370
1564042
1565984
1565985
1566429
1570254
1570275
1571141
1571149
1574110
1578890
1581413
1589268
1615899
1618044
1620271
1621530
1621531
1621532
1621533
1632799
1662194
1663600
1670849
1671403
1678211
1683226
1684052
1696188
1711279
1711558
1720530
1742426
1742427
1742428
1755083
1770166
1778335
1780087
1785964
1806564
1815958
1818018
1824557
1824667
1826921
1851685
1851688
1855817
1855819
1856634
1861768
1873018
1873020
1884296
1889079
1889085
1899389
1914413
1914414
1920152
1925759
1933354
1933355
1937728
1937748
1940272
1940274
1945651
1954167
1967849
1968112
1968113
1980590
1980596
1980604
1980607
1984805
2005449
2006979
2007191
2008574
2008650
2008659
2008668
2014703
2014724
2014725
2020739
2020740
2020741
2020755
2020760
2020761
2020786
2020787
2020788
2021616
2021628
2022655
2026104
2038563
2042784
2050904
2052489
2057660
2078960
2078969
2099747
2099764
2099785
2172543
2267688
2315491
2320838
2338870
2338944
2339044
2339049
2447897
2497592
2500007
2500013
2500014
2500016
2500050
2500083
2500085
2500088
2500090
2500095
2500096
2500111
2500115
2500758
2502084
2508574
2509000
2509026
2510017
2558452
2561902
2567967
2570618
2575635
2575637
2583284
2585792
2590075
2592088
2592272
2594480
2607118
2608611
2650554
2650557
2650558
2650559
2664378
2675891
2675901
2675950
2707130
2710889
2724436
2725877
2749397
2749398
2749400
2751168
