
1
2759
2763
2764
2766
2772
2774
2777
2781
2784
2786
2794
2797
2798
2799
2802
2803
2804
2806
2807
2808
2811
3041
3042
3043
3044
3046
3113
3114
3116
3117
3118
3127
3128
3130
3131
3132
3134
3135
3136
3139
3146
3164
3166
3171
3183
3185
3193
3195
3199
3200
3201
3202
3204
3206
3207
3208
3210
3211
3212
3213
3214
3215
3216
3219
3220
3221
3223
3224
3225
3226
3227
3230
3233
3234
3244
3245
3246
3268
3275
3278
3287
3313
3318
3337
3346
3367
3372
3385
3386
3387
3398
3432
3433
3434
3440
3443
3444
3445
3462
3465
3468
3487
3493
3494
3495
3496
3497
3499
3500
3502
3503
3511
3520
3521
3522
3524
3525
3526
3536
3537
3538
3542
3543
3544
3550
3553
3554
3557
3558
3561
3562
3563
3564
3565
3567
3568
3573
3575
3579
3580
3581
3582
3587
3590
3593
3602
3606
3608
3609
3615
3618
3629
3630
3646
3650
3651
3653
3680
3681
3683
3684
3688
3699
3700
3701
3702
3705
3718
3720
3723
3724
3727
3728
3729
3730
3731
3744
3745
3764
3781
3782
3784
3792
3798
3803
3804
3807
3808
3814
3826
3827
3833
3853
3854
3856
3858
3859
3860
3861
3862
3863
3867
3868
3869
3873
3877
3898
3904
3910
3928
3931
3932
3934
3939
3958
3977
3984
3986
3990
3997
3998
3999
4004
4005
4011
4012
4018
4019
4020
4022
4026
4027
4028
4030
4032
4033
4034
4036
4037
4038
4046
4047
4048
4050
4051
4055
4056
4065
4069
4070
4074
4075
4078
4085
4087
4090
4093
4097
4107
4118
4119
4121
4122
4123
4128
4136
4143
4144
4145
4146
4147
4149
4173
4185
4190
4199
4200
4201
4206
4209
4210
4219
4221
4229
4230
4235
4264
4294
4295
4305
4328
4335
4345
4381
4382
4427
4428
4437
4439
4447
4449
4454
4469
4470
4472
4476
4477
4479
4480
4496
4498
4500
4501
4510
4512
4513
4520
4521
4539
4544
4545
4546
4547
4554
4557
4558
4560
4583
4605
4609
4610
4613
4618
4626
4627
4628
4642
4645
4647
4667
4668
4671
4672
4677
4678
4685
4688
4701
4703
4710
4719
4734
4739
4740
4741
4743
4747
12947
13022
13054
13069
13100
13128
13186
13228
13230
13273
13287
13288
13328
13342
13343
13362
13363
13380
13398
13423
13426
13442
13443
13464
13465
13468
13469
13509
13578
13596
13597
13648
13707
13716
13717
13757
13778
13779
13786
13794
13795
13796
13798
13799
13802
13803
13804
13806
13809
13810
13811
13814
13815
13817
13819
13820
13821
13827
13828
13833
14101
14999
15170
15297
15303
15314
15324
15367
15368
15369
15488
15560
15597
15740
15904
15906
16046
16360
16362
16365
16430
16727
16736
18794
18795
19205
20339
20340
20400
20414
21019
21020
21199
21472
21555
21571
21610
21621
21819
21880
21896
21910
22002
22511
22662
22663
22994
23000
23012
23013
23017
23121
23129
23131
23138
23166
23216
23412
23413
23513
23672
24079
24646
24655
24663
24680
24921
24945
24952
24966
25168
25473
25503
25568
25692
25926
26319
26324
26339
26378
26766
26772
26774
26867
26958
26963
27254
27257
28017
28018
28021
28508
28516
28518
28860
28908
28967
29216
29217
29218
29226
29227
29238
29239
29247
29582
29583
29600
29603
29607
29614
29616
29619
29620
29626
29637
29638
29652
29660
29664
29665
29667
29674
29679
29682
29694
29708
29725
29791
29794
29795
29803
31299
31306
31345
31346
31351
31355
31356
31357
31364
31365
31366
31367
31368
31369
31377
31378
31380
31381
31382
31383
31384
31385
31386
31389
31392
31393
31395
31396
31397
31398
31399
31410
31411
31412
31415
31422
31423
31427
31428
31429
31430
31439
31441
31448
31449
31450
31451
31452
31453
31454
31455
31465
31466
31467
31468
31469
31477
31478
31479
31481
31484
31487
31497
31498
31499
31501
31502
32071
32111
32151
32152
32153
32168
32186
32187
32203
32211
32215
32224
32601
32602
33090
33103
33104
33105
33106
33107
33118
33125
33127
33132
33664
33670
34120
34121
34122
34123
34125
34126
34128
34129
34130
34131
34132
34134
34136
34137
34139
34140
34141
34142
34154
34155
34158
34160
34161
34165
34173
34175
34182
34205
34252
34316
34325
35148
35150
35151
35154
35155
35158
35164
35165
35166
35167
35168
35169
35174
35203
35426
35429
35432
35434
35435
35436
35439
35440
35455
35493
35707
35708
35715
35845
35849
35856
35860
35861
35872
35889
35898
35918
35919
35923
35930
35936
35937
35938
35939
35946
35950
35952
35954
35955
35956
35959
35966
35967
36590
36609
36610
36747
36748
36899
37308
37309
37310
37389
37393
37394
37395
37397
37398
37407
37408
37409
37410
37411
37412
37414
37415
37421
37493
37494
37562
37564
37565
37720
37722
37871
37874
38204
38326
38330
38352
38384
38386
38394
38413
38545
38546
38552
38554
38585
38586
38587
38588
38592
38595
38730
38783
38820
38926
39024
39025
39026
39166
39169
39170
39177
39249
39257
39338
39367
39387
39414
39502
39509
39510
39511
39513
39625
39630
39847
39848
39873
39900
39987
40406
40548
40551
40552
40553
40568
40573
40685
40858
40886
40890
40891
40910
40916
40921
40922
40961
40962
41218
41229
41230
41258
41483
41495
41496
41499
41503
41511
41531
41536
41544
41545
41546
41552
41555
41561
41574
41579
41614
41617
41623
41660
41662
41768
41834
41836
41837
41838
41839
41842
41843
41845
41847
41848
41850
41851
41852
41853
41854
41878
41879
41880
41937
41938
41943
41944
41945
41946
41947
41972
41998
41999
42001
42002
42010
42020
42049
42078
42079
42106
42107
42185
42331
42333
42336
42345
43078
43170
43190
43197
43198
43199
43200
43203
43205
43206
43208
43705
43706
43850
43851
43873
43938
43940
44985
45172
45317
45318
45618
45831
45981
45982
46032
46056
46066
46091
46093
46104
46108
46120
46149
46150
46322
46324
46366
46414
46786
47081
47082
47084
47085
47518
48025
48026
48029
48033
48034
48219
48220
48598
48601
48603
48604
48611
48735
48944
48954
48973
49210
49510
49606
49656
49697
49747
49761
49787
49789
49791
49792
49794
49803
49818
49842
49843
49845
49846
49847
49849
49875
49990
49992
50166
50190
50191
50194
50195
50196
50197
50199
50201
50203
50207
50208
50209
50211
50214
50217
50219
50221
50223
50224
50245
50246
50289
50295
50298
50451
50452
50457
50458
50460
50463
50508
50518
50750
51023
51024
51268
51277
51383
51430
51431
51432
51464
51466
51474
51475
52137
52138
52140
52150
52154
52157
52158
52159
52470
52498
52499
52501
52823
52825
52871
52974
52975
52976
52977
52978
52981
52982
52983
52986
52987
52989
52990
52995
52997
52998
52999
53001
53002
53004
53005
53009
53016
53018
53030
53031
53171
53200
53267
53718
53719
53809
53835
53836
53853
53854
53860
53922
54795
54811
54822
54823
54826
54873
54874
54893
54894
55326
55447
55448
55458
55459
55512
55597
55598
55634
55769
55777
55843
55962
56196
56512
56520
56521
56524
56525
56534
56536
56537
56740
56741
56852
56853
56854
56855
56881
56885
56912
56913
56916
56917
56926
56930
56931
56942
57008
57115
57694
58019
58023
58024
58221
58284
58286
58331
58387
58388
58391
58392
58643
58647
58654
58661
58838
58880
58885
58886
58889
58972
58987
59015
59022
59054
59066
59067
59116
59165
59175
59176
59321
59322
59325
59327
59328
59329
59354
59430
59788
59907
59908
59977
59984
59985
60072
60085
60092
60690
60915
61099
61309
61508
61517
61518
61521
61526
61528
61529
61530
61536
61537
61538
61544
61562
61563
61659
62141
63076
63077
63083
63084
63088
63091
63095
63097
63099
63409
63410
63413
63484
63659
63776
63777
63778
63790
63791
63801
64935
64936
64937
64938
64989
64990
64991
64993
64999
65001
65052
65055
65056
65057
65352
65526
65527
65536
65537
65540
65545
65549
65550
65556
65557
65771
65772
65776
65947
65948
65973
66011
66012
66017
66018
66027
66039
66040
66205
66385
66628
66645
66679
66807
66815
66991
66992
66993
66997
67231
67232
67236
67238
67240
67245
67246
67247
67406
67414
67415
67442
67443
69062
69338
69450
69451
69453
69532
69533
69720
69721
69903
69904
69915
69996
70132
70137
70145
70210
70211
70212
70217
70371
70555
70837
70838
70936
70950
70952
70957
70959
70962
70980
71035
71154
71156
71239
71240
71243
71274
71275
71333
71345
71353
71354
71392
71456
71457
71459
71633
71659
72025
72191
72350
72401
72977
73017
73096
73200
73496
73722
73737
73980
73981
73982
73984
73985
73987
73988
73989
73990
74353
74509
74510
74514
74540
74635
74902
74906
75626
75628
75689
75962
75963
75966
76024
76029
76312
76352
76416
76417
76430
76432
76442
76496
76500
78530
78532
78536
79164
79168
79186
79187
79235
79407
79408
79409
79826
79843
79848
79849
80885
80886
80887
80888
80890
80891
80913
80915
81092
81473
81589
81590
81591
81593
81594
81595
81601
81610
81747
81770
81811
81964
81985
82005
82006
82028
82031
82069
82070
82238
82385
82386
82388
82700
82701
82704
82717
82718
82928
83153
83154
83429
83716
83798
83802
83946
83954
83955
84005
84209
84220
84221
84222
84224
84227
84242
84254
84609
85157
85174
85222
85229
85232
85264
85287
85337
85351
85451
86658
86858
87005
87007
87658
87755
89410
89629
89674
89675
89677
89678
89679
89685
89944
90162
90176
90277
90285
90299
90300
90302
90308
90309
90342
90396
90528
90789
91065
91066
91067
91068
91072
91090
91092
91093
91110
91111
91166
91167
91242
91275
91513
91811
91825
91827
91834
91835
91836
91882
91883
91888
91896
92858
92905
92911
92912
92913
92914
92916
92917
92920
92921
93758
93803
93847
94292
94293
94294
94295
94296
94298
94299
94326
94447
94457
94483
94507
94509
94550
94553
94554
94555
94556
94590
94682
94688
94689
95763
96464
96465
96479
96480
96520
96521
96524
96527
96531
96532
96799
97009
97015
97021
97025
97036
97041
97042
97043
97100
97723
98324
98455
98456
98457
98463
98464
98465
98467
98470
98471
98489
98490
98708
98709
98942
99021
99022
99025
99026
99027
99031
99035
99036
99039
99041
99042
99043
99055
99056
99071
99103
99105
99107
99108
99340
99363
99384
99387
99399
99400
99494
99497
99498
99535
99536
99898
99899
99900
99904
100159
100160
100364
100365
100465
100532
100802
100809
100810
101918
101920
101923
101924
101996
101998
102598
102599
102603
102749
102804
102806
102808
102809
102810
102811
102812
102814
102815
102818
103474
103981
104301
105340
105386
105587
105604
105608
105748
106129
106635
106883
106888
106975
106982
107607
108286
108335
108353
108354
108357
108377
108380
108452
108453
108536
108541
108542
109083
109149
109150
109153
109218
109570
109571
109572
109573
109575
109576
109577
109578
109579
109580
109975
110876
111144
111146
111147
111148
111149
111150
111151
111152
111155
111158
111159
111161
111162
111435
111436
111617
111663
111665
112372
112509
112571
112873
113198
113250
113273
113424
113426
113427
113428
113429
113432
113433
113434
113435
113436
113439
113442
113444
113446
113450
113451
113453
113455
113456
113507
113508
113509
113638
113641
113642
114064
114195
114281
114286
114287
114651
114653
114655
114656
114657
114658
114661
114662
114663
114664
114666
115593
115594
115595
115621
115623
115628
115629
115670
117272
118221
118222
118372
118375
118377
118509
118900
118931
118933
119190
119388
119550
119595
120289
120290
121066
121067
121083
121084
121086
121087
121088
121172
121548
122528
122529
122537
122546
122547
122548
122552
122556
122613
122629
122630
122634
122636
122638
122640
122641
122643
122646
122744
122762
123423
124760
124761
124763
125045
125697
125728
125729
126432
126435
126560
126561
126617
126820
126903
126908
126910
127142
127169
127170
127602
127603
127616
127617
127982
127983
127999
128190
128596
128597
128660
129201
129213
129275
129276
129279
129284
129285
129936
129937
129944
129959
130433
130450
130455
130459
130460
131041
131057
131094
131221
131567
132261
133312
133313
135222
136127
136204
137432
137433
137434
137435
137436
137440
137441
137442
137446
137452
137665
137666
137667
137676
137677
137698
137763
137764
137767
138028
138560
139271
139833
139835
139836
139850
139907
139984
140003
140034
140035
140399
140400
140627
140628
140636
140639
140641
140806
140839
141467
141999
142495
142496
142497
142743
142762
143173
143182
145744
145751
145752
145753
145934
145957
146094
146095
146531
146532
146565
146580
146585
146695
147271
147367
147368
147369
147370
147371
147379
147383
147384
147385
147387
147388
147389
147428
147429
147431
147432
147435
147436
147934
147935
147936
147937
148468
148469
148673
148684
148948
151233
152196
152712
152713
153333
153902
153903
153904
153905
153906
154405
154422
154497
154498
154499
154765
154986
154987
154989
154990
154991
154996
155231
155235
155243
155252
155257
155268
155539
155540
155541
155542
155758
155890
156152
156631
157221
157596
157597
157622
157625
157628
157629
157633
157634
157638
157639
157640
157843
158096
158114
158137
158140
158141
158149
158163
158174
158175
158220
158331
158345
158366
158384
158598
158647
158703
158729
159435
159502
159700
159702
159703
159705
159710
159753
160575
160584
161095
161101
161109
161111
162061
162062
162063
162065
162072
163330
163331
163485
163486
163487
163722
163725
163728
163729
163735
163737
163738
163739
163742
163743
163747
164270
165640
165646
166933
166981
166984
167333
167335
167342
167484
167485
167487
167488
167489
167498
167732
167975
167976
168334
168335
168345
168358
169067
169103
169191
169197
169215
169217
169226
169237
169241
169248
169249
169520
169607
169617
169618
169640
169649
169660
169664
169700
169748
170419
170433
170434
170435
170456
170715
170930
170931
171637
171638
172074
172076
172203
172204
172606
172818
172945
172960
172976
173032
173444
173448
173449
173450
173453
173455
173456
173458
173459
173461
173462
173467
173468
173545
173552
173553
173833
173841
173843
173844
173850
173869
173991
174462
174463
175031
175169
175398
175399
175406
175408
175413
175414
175505
175517
176265
176601
176602
176616
176977
179042
179053
179057
179058
179395
179396
180975
181188
181259
181264
181272
181278
181280
181291
182070
183030
183075
183277
183561
183817
183940
183956
184139
184140
184618
184647
184654
184655
184666
184674
184675
184931
185001
185002
185191
185238
185665
185774
185778
185957
186265
186267
186273
186693
186705
186706
186770
186771
186774
186781
186782
186784
186790
186798
186799
187371
187835
187836
187837
187839
187841
187844
187995
188013
188166
188168
188559
189218
189219
189229
189349
189427
189428
189637
189639
189651
189652
189784
189790
190203
190205
190271
190272
190330
190583
190860
190883
191450
191652
191669
191891
191904
192822
193165
193177
193178
193180
193181
193182
193183
193184
193185
193186
193190
193331
193557
193558
194207
195136
195961
196284
196285
196288
196289
196290
196291
196292
196293
196294
196295
196370
196371
196589
196632
196655
196688
196703
196911
197235
197325
197326
197329
197371
197790
197792
197793
197797
197798
197804
197833
197836
197837
198842
199144
199145
199601
199602
199603
199604
199699
199751
199752
200258
200259
200276
200278
200279
200281
200282
200524
200688
200689
200690
200691
200692
200697
200698
200699
200700
200701
200704
200705
200708
200709
200710
200711
200712
200713
200714
200719
200727
200732
200735
200736
200744
200745
200747
200749
200754
200760
200761
200762
200763
200764
200765
200766
200769
200780
200810
200811
200813
200814
200948
200951
200967
200992
200994
200995
201488
201550
201562
201953
202272
203023
203573
203582
203583
203671
203673
203678
203769
203770
204232
204407
204408
204418
204420
204426
204509
204638
205394
205397
205558
205561
205564
206051
207872
207916
207918
208218
208270
208280
208423
208776
208873
209631
209634
209791
209794
209803
209812
210355
210851
210852
211934
211935
211936
211938
211940
211947
211948
211951
211952
211955
211956
212301
212834
212836
212863
212910
212925
213555
213817
213833
213991
214042
214046
214049
214052
214907
214908
214909
215256
215269
215672
215925
215926
215958
216032
216088
216467
216473
216479
216481
216691
216696
216701
216703
216706
216718
216722
216770
216772
216780
216781
216782
216783
216794
216795
216811
216812
217033
217035
217042
218619
218620
219103
219120
219121
219126
219129
219134
219384
219609
219692
219728
220730
220740
220741
220759
220761
220947
221050
221659
221831
221838
221846
221848
221932
222010
222489
222563
222836
222877
222885
223102
223111
223116
223117
223586
223671
223688
223690
223700
224034
224140
224171
224188
224191
224744
225112
226016
226050
226051
226471
226473
226483
226484
226498
227247
227248
227970
227971
227972
227973
228187
228263
228264
230723
230966
231751
231753
232347
232378
233875
233880
234453
235595
235629
235633
235880
235895
237887
237897
238069
238298
238982
239165
239168
239169
239181
239403
239431
239432
239454
239455
239546
240010
240033
240042
240058
240062
240081
240111
240428
240684
240843
240996
241067
241068
241205
241641
241777
241778
241780
241782
241785
241787
241789
241790
241792
241793
241799
241800
241801
241806
242160
242170
242529
242534
242726
242855
243133
243134
243139
243141
243143
243144
243145
243146
243147
243983
243997
244001
244874
245262
245335
245446
245447
245821
245824
248325
248326
248329
248330
248332
248350
248351
248353
249207
252529
252537
253055
253082
253480
253512
253516
253517
254039
254098
254106
255331
255578
255853
255854
256429
256470
257593
257594
257596
257599
257600
257601
257602
257603
258339
259026
259032
259039
260092
260095
260499
260588
260594
260595
260612
260769
260770
260773
260776
260777
260778
260783
260792
261531
261603
261604
261718
261719
261720
261725
261771
261772
261775
261793
261796
261811
262504
262505
262506
262507
262508
262509
262510
262511
262751
262752
262952
263541
264171
264426
264476
264477
264479
264526
264775
264776
264975
264977
265229
265230
267213
267241
267504
267552
267570
267573
267575
267582
267593
267601
267606
267656
268032
268033
268034
268036
268090
268106
268113
268570
268571
268572
268574
268579
268582
268729
268886
268906
268912
269538
269577
271519
271520
271738
271739
271761
271762
271763
271790
272863
279362
279761
280017
280018
280021
280805
280806
280819
280838
281065
281066
281131
281623
282338
283380
283382
283390
283711
284551
284555
285843
285844
285966
286192
286858
286890
286898
286945
286955
286962
287001
287013
289798
290923
291097
291392
291393
291965
292239
292610
292917
292918
292919
292920
293057
293141
293500
293506
293509
296905
296906
296910
296912
296916
296921
296922
296923
296924
296926
296930
296931
298661
299779
299783
300936
300953
300987
301327
301338
301481
301531
301532
301533
301875
301914
303182
304574
305683
306385
306392
306396
306397
306475
306477
306480
308175
308223
308292
308373
308385
309312
310458
310467
310496
312102
313078
313079
313112
313683
313909
314055
315439
316510
316948
317192
319553
319832
320805
323105
323988
323989
324210
324211
324226
324227
324279
324304
324320
324432
324461
324466
324493
325289
325489
325499
325500
325510
325511
325512
326028
328422
329331
329333
329349
329785
330163
330554
332207
332208
335165
335166
335167
335184
336625
337357
337358
337363
337365
337386
337389
337391
337392
337408
338533
339588
339590
339592
339598
342068
342851
343494
343886
343895
344330
344331
344766
344768
344769
345127
345911
345912
345913
345914
346951
346959
347522
347648
347872
347873
347984
347994
348029
348039
348041
349375
351211
352208
352820
353918
354042
354045
357464
358045
358665
358666
358669
359160
359585
360306
360583
361379
361541
361561
361562
361564
361878
361894
361917
361941
361948
361986
361987
361990
362236
362376
362386
362626
362629
362695
362696
362697
362791
362792
362798
363801
364270
364744
365730
366447
366448
366449
366475
366476
366484
366485
366487
366488
366491
367043
367044
367059
367305
367782
368322
368323
368325
368326
368677
368678
368679
369011
369020
369027
369028
369031
369032
369754
370349
370350
371099
371362
371726
372278
373121
373805
374017
374027
374218
374219
374220
374224
374721
376433
376438
376439
376440
376798
376799
377274
378878
378980
379215
379227
379231
379493
379500
379617
379955
380900
381016
381726
382123
386067
387623
388479
388693
388704
388705
388726
388727
388733
388890
388895
388898
388899
388900
388901
388903
389204
389506
389507
389627
389628
390135
390711
391790
391933
392970
397005
397083
397495
397496
398450
399105
399132
399133
399134
399156
399647
400691
400692
400693
400694
400717
400721
401939
402082
402117
402640
402688
403012
403013
403017
403019
403020
403022
403023
403024
403025
403026
403027
403032
403666
403667
404256
404257
404260
404297
404315
405585
405586
405587
405757
406719
407160
410651
411986
412917
412918
412919
412920
413294
414120
414121
414126
414128
414133
414146
414148
414151
414152
414183
414188
414190
414633
414635
415428
415813
415823
416231
416544
417012
417013
417196
417198
417609
420411
421921
423302
423331
423333
424428
424507
424551
424552
424554
424555
424559
424562
424564
424565
424566
424568
424569
424571
424573
424574
424576
424975
426105
426106
426284
428226
430749
430751
431016
431020
431021
431304
432605
433866
434242
437227
437228
437229
439545
442491
445138
445139
446133
446134
446140
446145
446150
446324
446333
446913
448372
448373
449510
449893
451517
452457
452571
452790
452792
452793
452794
454526
457237
457238
457712
457775
458331
458695
460640
460662
460886
462389
462390
462391
462392
463186
463574
463577
463579
463661
468242
468935
468936
468976
468977
470589
470590
470952
471143
473050
475885
475911
475912
475916
475917
478074
478075
479264
479265
479266
479624
480556
480558
480560
481184
481983
482428
482436
483358
486681
487402
487417
489088
489987
490730
492098
497292
500268
501391
508027
508957
508969
509649
512623
512629
512638
515226
515839
515840
517549
519111
519112
519149
520847
522323
522324
523331
524167
524168
526836
529242
529244
529428
529430
529431
530660
536590
536591
536600
536601
537829
537836
537847
538480
538498
538503
539200
539820
546665
549689
549777
553313
557622
557623
560831
566272
568233
568243
571350
573575
575869
575870
576366
576367
576371
576376
576378
576385
577428
581251
585813
586398
586402
586403
590736
592002
594676
594677
610153
611795
619705
619706
620814
623693
626746
627158
629714
630306
630323
630722
632758
634378
640621
640622
640623
640625
640626
640628
640630
640861
640894
640895
642282
642300
642305
642331
644182
644807
645163
645195
647281
647613
649763
650517
650522
650620
655818
656336
657343
658648
658649
663964
663965
664039
664040
665323
665477
666012
666013
669137
669682
669858
671520
671526
673751
679636
680291
680293
681549
681550
681646
682152
682168
682169
682170
682171
682172
682177
684020
688655
689811
690543
691054
691209
692168
693368
693373
693760
693763
693770
697101
697103
697106
697107
697108
697110
697293
700169
701381
701510
702219
702226
702242
702245
702251
702252
702253
702255
703248
703249
703251
703530
703533
703537
703538
703540
703547
704092
710538
713099
715722
717527
717904
717905
721788
721789
721813
723550
742007
742010
742011
744058
744061
745060
745061
745062
745063
745067
745068
745069
745087
745090
746016
746693
748726
749926
751715
751751
751752
751754
751756
751762
751763
751765
753679
753680
754784
756396
756618
756629
756637
766221
768164
795077
795972
796371
796752
796753
796799
796842
797995
797999
798000
798003
798004
798009
798035
798049
798053
860203
860204
860402
860405
860407
860621
860626
861159
862937
866800
866931
866986
867493
867494
867497
867506
877976
880692
880703
880706
880709
885029
886692
886697
886714
886729
886730
886733
886734
886735
886736
905076
908225
908227
908973
908974
911294
911296
911341
912070
926346
930023
930110
930112
932731
933138
934962
935651
935653
935655
940127
940128
943115
943117
943708
943718
945028
945030
945253
947475
947489
947492
979540
980083
980193
981066
981067
981068
981070
981071
981097
981099
981121
981396
981515
981523
983335
983535
983543
984489
984497
984509
984551
986140
986142
986143
986144
986145
986147
986155
993032
993093
996343
996347
996494
997354
997506
997571
997572
997576
997588
997603
997604
997782
997926
998119
998195
999576
999641
1000564
1003247
1003842
1003844
1003873
1003875
1003877
1005672
1007786
1007889
1007890
1031676
1034061
1037392
1037561
1037569
1041249
1046441
1046465
1046469
1046496
1046511
1050986
1051386
1052905
1053326
1053327
1053328
1053329
1053334
1053335
1053337
1053338
1053343
1053344
1053345
1053349
1053352
1053366
1053371
1053378
1053380
1053381
1053382
1053383
1053386
1053390
1053393
1053394
1053398
1053403
1053404
1053405
1053407
1053409
1053410
1053411
1068723
1068916
1068919
1068921
1072223
1072232
1074205
1076274
1078597
1081496
1081584
1081587
1081591
1087767
1087778
1087783
1087788
1089803
1089842
1091216
1091617
1091628
1091647
1094566
1094617
1094761
1094763
1094764
1094766
1095357
1095358
1095359
1108809
1110379
1110380
1110384
1110385
1110386
1115802
1124159
1129149
1129153
1129159
1129164
1131839
1137008
1137871
1137872
1137916
1138073
1138105
1141482
1141483
1141484
1141485
1141486
1141488
1141489
1141492
1141493
1141737
1143130
1144389
1144401
1144404
1150893
1155210
1155244
1155334
1158074
1172132
1172369
1176516
1183225
1183236
1183420
1184124
1185355
1185731
1186986
1187000
1191457
1203399
1203400
1203402
1203500
1203511
1203512
1203520
1205813
1209860
1209891
1211466
1214463
1218908
1225627
1230435
1230437
1231189
1234173
1239900
1241584
1259769
1261570
1261571
1261573
1261574
1261578
1261581
1263688
1265916
1276813
1276821
1276838
1276846
1277930
1277934
1277942
1284450
1284455
1285446
1286800
1286803
1286804
1286806
1288821
1293356
1293359
1293360
1293361
1293362
1293363
1293365
1293628
1293629
1293635
1293638
1297382
1302473
1302520
1304946
1304947
1304948
1307774
1307775
1307776
1307779
1307780
1307796
1308467
1308468
1308824
1308838
1308839
1308840
1308841
1309612
1309621
1309624
1309629
1316646
1316669
1321327
1325466
1328778
1329793
1331044
1331045
1331081
1334272
1334278
1334443
1334446
1334449
1334453
1334454
1334461
1334463
1334464
1334465
1334467
1334469
1334470
1335581
1335583
1335584
1335588
1337068
1337753
1357599
1357619
1366914
1382028
1394062
1399689
1399747
1405190
1405202
1408259
1413251
1413811
1413812
1417315
1423376
1423390
1423391
1423401
1424645
1424647
1424648
1431998
1435590
1435595
1437180
1437183
1437197
1437201
1440557
1441374
1443949
1445966
1446379
1446380
1447787
1454545
1454548
1458979
1458980
1461657
1461659
1462614
1463138
1463140
1463141
1463148
1464620
1464625
1465651
1470054
1471898
1478145
1479093
1479369
1482351
1484039
1484582
1484585
1485294
1497571
1497607
1497743
1498434
1498475
1498477
1502231
1503747
1505746
1505753
1505755
1508585
1519672
1519674
1519680
1519681
1519684
1519685
1519686
1519687
1519688
1519691
1519692
1520014
1520335
1520936
1521257
1521260
1521262
1523573
1524962
1524963
1527721
1529954
1532288
1533087
1533104
1534661
1534738
1537489
1537493
1538097
1539136
1539137
1541731
1543392
1548634
1550583
1550622
1550623
1550624
1560703
1560704
1560705
1560709
1561016
1561072
1562368
1562370
1563254
1564042
1565984
1565985
1566429
1570254
1570275
1571141
1571149
1574110
1578890
1581413
1583282
1583283
1585427
1585429
1585432
1585433
1589268
1589884
1615899
1618044
1620271
1621530
1621531
1621532
1621533
1632799
1647998
1647999
1648000
1648010
1648017
1648022
1648025
1648026
1648028
1648030
1648033
1648036
1648037
1648038
1652080
1652081
1662194
1663600
1670849
1671403
1678211
1683226
1684052
1696188
1699513
1699517
1699523
1699524
1705104
1705611
1707332
1711279
1711558
1720530
1725053
1725054
1728960
1728961
1742425
1742426
1742427
1742428
1755083
1758100
1758108
1770166
1778335
1780087
1785964
1803519
1803521
1803878
1803884
1804621
1804622
1804623
1806564
1815958
1818017
1818018
1818108
1824557
1824618
1824621
1824667
1824901
1826921
1851685
1851688
1855817
1855819
1856634
1861768
1861778
1873018
1873020
1873447
1873448
1873495
1873870
1874399
1874400
1874401
1874405
1874409
1874412
1874421
1874424
1884296
1889079
1889085
1899389
1905731
1908689
1908796
1908800
1914413
1914414
1917068
1917730
1917731
1920152
1925759
1929018
1933354
1933355
1937728
1937748
1940272
1940274
1945651
1954167
1963083
1963084
1963090
1966359
1966360
1967849
1968112
1968113
1968428
1968429
1975588
1977916
1977918
1977919
1977990
1980590
1980596
1980604
1980607
1982031
1982037
1982659
1983411
1983412
1984805
2003540
2003544
2003546
2005449
2006979
2007191
2007207
2008388
2008389
2008390
2008574
2008650
2008651
2008658
2008659
2008660
2008668
2008669
2008689
2008703
2008713
2014703
2014724
2014725
2014962
2014984
2017692
2017695
2020739
2020740
2020741
2020755
2020760
2020761
2020786
2020787
2020788
2021616
2021628
2022655
2026104
2026555
2026556
2026930
2026933
2034305
2034306
2034312
2034327
2034351
2038563
2042784
2042959
2042965
2042968
2042969
2042978
2042980
2045258
2045261
2045264
2050904
2051063
2052489
2057660
2078960
2078969
2081693
2083072
2099747
2099764
2099785
2100773
2115979
2116365
2116531
2152937
2172543
2182331
2201463
2201466
2203126
2230906
2231382
2231384
2231385
2231387
2231390
2231393
2231517
2233838
2233839
2233855
2233857
2267686
2267688
2282344
2291027
2304099
2315491
2316380
2320838
2338870
2338944
2339044
2339049
2447897
2461555
2497592
2500007
2500013
2500014
2500016
2500050
2500083
2500085
2500088
2500090
2500095
2500096
2500111
2500115
2500758
2502084
2507901
2507902
2507920
2508073
2508080
2508084
2508085
2508086
2508574
2509000
2509026
2510017
2546012
2546211
2546214
2546215
2558452
2561902
2567967
2570618
2572924
2575635
2575636
2575637
2583284
2585792
2585823
2590075
2592088
2592272
2594480
2596659
2607118
2608611
2650554
2650557
2650558
2650559
2664341
2664378
2675891
2675901
2675950
2682557
2692248
2705743
2705745
2707130
2710889
2724436
2725877
2732585
2749397
2749398
2749400
2751168
2759858
2759861
2763534
2776025
2777008
2777055
2777062
2777074
2777076
2777080
2777082
2777085
2777124
2778801
2784734
